[A1,Russia,80,76,78,0,11,1]
[A2,Alemanha,81,85,84,4,19,2]
[A3,Brasil,86,84,85,5,21,3]
[A4,Portugal,85,82,80,0,7,4]
[A5,Argentina,87,81,80,2,17,5]
[A6,Belgica,86,84,85,0,13,6]
[A7,Polonia,82,75,79,0,8,7]
[A8,Franca,83,85,82,1,15,8.]
[B1, Espanha,84,86,86,1,15,9]
[B2,Suica,74,78,77,0,11,10]
[B3,Inglaterra,84,81,81,1,15,11]
[B4,Colombia,81,77,78,0,6,12]
[B5,Mexico,79,79,76,0,16,13]
[B6,Uruguai,86,76,79,2,13,14]
[B7,Croacia,76,83,77,0,5,15]
[B8,Peru,74,72,71,0,5,16]
[C1,Costa Rica,70,70,75,0,5,17]
[C2,Suecia,74,73,74,0,12,18]
[C3,Tunisia,69,69,70,0,5,19]
[C4,Egito,78,72,71,0,3,20]
[C5,Senegal,76,72,70,0,2,21]
[C6,Ira,70,69,69,0,5,22]
[C7,Dinamarca,75,77,77,0,5,23]
[C8,Islandia,73,74,69,0,1,24]
[D1,Servia,72,74,74,0,12,25]
[D2,Nigeria,73,71,70,0,6,26]
[D3,Japao,73,72,73,0,6,27]
[D4,Marrocos,71,71,73,0,5,28]
[D5,Panama,67,68,69,0,1,29]
[D6,Coreia do Sul,73,72,69,0,10,30]
[D7,Arabia Saudita,70,69,70,0,5,31]
[D8,Australia,69,73,71,0,5,32]